#All values of the dictionary correspond to different values of alpha
Dog_1_results={
0.1: [0.2831597222222222, 0.5236736111111111, 0.41218055555555555, 0.5102777777777777, 0.5873611111111111], 
0.2: [0.5547361111111111, 0.5307847222222222, 0.2967708333333333, 0.4266354166666666, 0.5275833333333333], 
0.3: [0.5685451388888889, 0.4692048611111111, 0.10342013888888887, 0.4815520833333334, 0.5070034722222222], 
0.4: [0.45411805555555557, 0.5699131944444444, 0.19053124999999996, 0.2525, 0.60934375], 
0.5: [0.6377013888888889, 5.20833333333313e-05, 0.7446805555555556, 0.07215972222222224, 0.9861458333333333], 
0.6: [0.725625, 0.015625, 0.01182291666666667, 0.25124652777777773, 3.47222222222184e-06], 
0.7: [0.31814583333333335, 0.0002951388888888878, 0.6189583333333334, 0.0, 0.6445833333333334], 
0.8: [3.47222222222184e-06, 0.99875, 0.9883055555555555, 0.0008333333333333526, 0.0024999999999999467], 
0.9: [0.004222222222222209, 0.9991666666666666, 0.3096770833333333, 0.0012534722222221962, 0.0004166666666666208], 
1.0: [0.9894270833333333, 0.1677083333333333, 0.9762500000000001, 0.0182465277777778, 0.007375000000000004]}

Dog_2_results={
0.1: [0.5213660245183888, 0.506830122591944, 0.5152364273204904, 0.5206654991243433, 0.5260945709281961], 
0.2: [0.4964973730297723, 0.6686573263280795, 0.5095037945125511, 0.5217162872154116, 0.40035026269702273], 
0.3: [0.5175131348511384, 0.5508041447752482, 0.4747664915353182, 0.53292469352014, 0.589492119089317], 
0.4: [0.7870169293636895, 0.4945709281961471, 0.5596847635726795, 0.511217162872154, 0.5222416812609457], 
0.5: [0.626964389959136, 0.5529363689433742, 0.49194395796847634, 0.2102203736135435, 0.4476298890834793], 
0.6: [0.6240893169877408, 0.5765586690017512, 0.260385288966725, 0.5521891418563923, 0.2511135434909515], 
0.7: [0.24118797431406885, 0.7026328079392878, 0.24984238178633972, 0.7486865148861646, 0.7486865148861647], 
0.8: [0.7129874489200233, 0.6955735551663748, 0.747985989492119, 0.5194322825452422, 0.2600072971395213], 
0.9: [0.25188995913601864, 0.7462346760070052, 0.3126430239346176, 0.7427057793345009, 0.7378531815528312], 
1.0: [0.4998248686514886, 0.4992994746059545, 0.5003502626970228, 0.5001751313485114, 0.5019264448336251]}

Dog_3_results={
0.1: [0.375, 0.375, 0.4814715711805556, 0.4354876302083333, 0.5323459201388889], 
0.2: [0.6245572916666667, 0.6249264322916668, 0.6224661458333333, 0.487212890625, 0.625], 
0.3: [0.3750004340277777, 0.625, 0.6236121961805555, 0.3750006510416667, 0.4114561631944444], 
0.4: [0.3763611111111111, 0.3753094618055556, 0.6249963107638888, 0.625, 0.625], 
0.5: [0.37451236979166663, 0.3764388020833333, 0.6249932725694444, 0.6240104166666667, 0.6245227864583334], 
0.6: [0.6249993489583333, 0.6152430555555555, 0.6247656249999999, 0.5082387152777778, 0.6249934895833333], 
0.7: [0.375546875, 0.39899609375, 0.6239136284722222, 0.6237204861111112, 0.6249702690972221], 
0.8: [0.3751842447916667, 0.6249973958333334, 0.6247189670138888, 0.5186169704861111, 0.6249993489583333], 
0.9: [0.37676974826388887, 0.5753645833333333, 0.3754175347222222, 0.625, 0.6249976128472222], 
1.0: [0.5488129340277778, 0.5003645833333333, 0.36509505208333337, 0.38428472222222226, 0.6180859375]}

Dog_4_results={
0.1: [0.40097363226170335, 0.3998307952622674, 0.4415083897349126, 0.41266497461928936, 0.46377643824027076], 
0.2: [0.6001667371686408, 0.401343062605753, 0.400253807106599, 0.5209122955442753, 0.39983079526226734], 
0.3: [0.46483996051889453, 0.39983114777213763, 0.4056154822335026, 0.6001692047377327, 0.45855858714043995], 
0.4: [0.40029646080090253, 0.4008016074450085, 0.5200708544839256, 0.5109817399887197, 0.5999626339537506], 
0.5: [0.41925373660462495, 0.3999548787366046, 0.4782730541455161, 0.3998389029892837, 0.39983079526226734], 
0.6: [0.5995353919909758, 0.47332452058657637, 0.4033840947546532, 0.3998219825155105, 0.39983079526226734], 
0.7: [0.49203186689227296, 0.39987309644670055, 0.37822476029328816, 0.6014956993795826, 0.5999576988155668], 
0.8: [0.3998357304004512, 0.4022479554427523, 0.4032853919909758, 0.49557106598984774, 0.4002189086294416], 
0.9: [0.4998942470389171, 0.4998942470389171, 0.4998942470389171, 0.5001057529610828, 0.4010437817258883], 
1.0: [0.5, 0.5001057529610828, 0.5002115059221659, 0.5001057529610828, 0.5001057529610828]}

Dog_5_results={
0.1: [0.0, 1.0, 0.8204675925925926, 0.9811064814814815, 4.629629629629428e-06], 
0.2: [4.629629629629428e-06, 0.0022222222222222365, 0.550074074074074, 0.0005555555555555314, 0.987662037037037], 
0.3: [1.0, 1.0, 0.018333333333333368, 0.00666666666666671, 0.6445416666666667], 
0.4: [0.0, 0.0038888888888889417, 0.9891203703703704, 0.8089861111111112, 0.0022453703703703845], 
0.5: [0.0005787037037036785, 0.9938888888888888, 0.9315046296296297, 0.003342592592592559, 0.24330092592592592], 
0.6: [0.3053287037037037, 0.012499999999999987, 0.9678842592592592, 0.023990740740740715, 0.7903564814814815], 
0.7: [2.3148148148148066e-05, 0.0038888888888889417, 0.034023148148148136, 0.002777777777777768, 0.9999953703703705], 
0.8: [0.9933101851851852, 0.1433333333333333, 0.22738888888888892, 0.9998935185185185, 1.8518518518518637e-05], 
0.9: [0.0022222222222222365, 4.629629629629428e-06, 0.9849444444444444, 0.002837962962962953, 1.0], 
1.0: [0.4988888888888889, 0.505, 0.5246064814814815, 0.49972222222222223, 0.46027777777777773]}

Patient_1_results={
0.1: [0.8538695478191277, 0.5018007202881152, 0.5021008403361344, 0.5018007202881152, 0.5018007202881152], 
0.2: [0.5018007202881152, 0.5006002400960383, 0.5018007202881152, 0.5018007202881152, 0.5018007202881152], 
0.3: [0.5018007202881152, 0.6859043617446979, 0.5018007202881152, 0.5018007202881152, 0.5006002400960384], 
0.4: [0.501500600240096, 0.5018007202881152, 0.5021008403361344, 0.5018007202881152, 0.5018007202881152], 
0.5: [0.5024009603841537, 0.5018007202881152, 0.09603841536614643, 0.5063025210084033, 0.501500600240096], 
0.6: [0.4555822328931573, 0.821920768307323, 0.48614645858343336, 0.5609243697478992, 0.6911764705882353], 
0.7: [0.007974189675870328, 0.47822729091636657, 0.9998499399759904, 0.7036684673869548, 0.5303121248499401], 
0.8: [0.5018007202881152, 0.5024009603841537, 0.5114045618247299, 0.3439395758303321, 0.721750700280112], 
0.9: [0.2652721088435374, 0.007840136054421784, 0.06906262505002, 0.8256682673069228, 0.7091016406562625], 
1.0: [0.6125320128051222, 0.7683223289315726, 0.4972989195678271, 0.6968667466986794, 0.7003681472589036]}

Patient_2_results={
0.1: [0.5021428571428572, 0.5021428571428572, 0.5025, 0.5017857142857143, 0.5021428571428572], 
0.2: [0.5021428571428572, 0.5021428571428572, 0.5017857142857143, 0.5017857142857143, 0.5017857142857143], 
0.3: [0.5021428571428572, 0.5017857142857143, 0.5017857142857143, 0.5017857142857143, 0.5017857142857143], 
0.4: [0.5017857142857143, 0.5021428571428572, 0.5017857142857143, 0.5017857142857143, 0.5017857142857143], 
0.5: [0.5017857142857143, 0.5025, 0.5021428571428572, 0.5021428571428572, 0.5021428571428572], 
0.6: [0.5017857142857143, 0.5021428571428572, 0.5021428571428572, 0.5025, 0.5021428571428572], 
0.7: [0.5021428571428572, 0.5017857142857143, 0.5028571428571429, 0.5017857142857143, 0.5017857142857143], 
0.8: [0.5789285714285715, 0.005428571428571432, 0.5014285714285714, 0.5021428571428572, 0.5014285714285714], 
0.9: [0.5039285714285715, 0.9265857142857142, 0.5010714285714286, 0.9999988095238097, 0.0316738095238095], 
1.0: [0.4967857142857143, 0.5017404761904762, 0.495, 0.6961428571428572, 0.4978571428571429]}

baseline={
'Dog_1':[0.9894270833333333, 0.1677083333333333, 0.9762500000000001, 0.0182465277777778, 0.007375000000000004],
'Dog_2':[0.4998248686514886, 0.4992994746059545, 0.5003502626970228, 0.5001751313485114, 0.5019264448336251],
'Dog_3':[0.5488129340277778, 0.5003645833333333, 0.36509505208333337, 0.38428472222222226, 0.6180859375],
'Dog_4':[0.5, 0.5001057529610828, 0.5002115059221659, 0.5001057529610828, 0.5001057529610828],
'Dog_5':[0.4988888888888889, 0.505, 0.5246064814814815, 0.49972222222222223, 0.46027777777777773],
'Patient_1':[0.6125320128051222, 0.7683223289315726, 0.4972989195678271, 0.6968667466986794, 0.7003681472589036],
'Patient_2':[0.4967857142857143, 0.5017404761904762, 0.495, 0.6961428571428572, 0.4978571428571429]
}

best_KDTT={
'Dog_1':[0.6377013888888889, 5.20833333333313e-05, 0.7446805555555556, 0.07215972222222224, 0.9861458333333333],
'Dog_2':[0.7129874489200233, 0.6955735551663748, 0.747985989492119, 0.5194322825452422, 0.2600072971395213],
'Dog_3':[0.6245572916666667, 0.6249264322916668, 0.6224661458333333, 0.487212890625, 0.625],
'Dog_4':[0.49203186689227296, 0.39987309644670055, 0.37822476029328816, 0.6014956993795826, 0.5999576988155668],
'Dog_5':[0.0, 1.0, 0.8204675925925926, 0.9811064814814815, 4.629629629629428e-06],
'Patient_1':[0.4555822328931573, 0.821920768307323, 0.48614645858343336, 0.5609243697478992, 0.6911764705882353],
'Patient_2':[0.5039285714285715, 0.9265857142857142, 0.5010714285714286, 0.9999988095238097, 0.0316738095238095]
}