Patient_1_Results={
'0.0': [0.9542096219931272, 0.89553264604811, 0.8291953035509736, 0.940893470790378, 0.9118413516609393], 
'0.1': [0.9906786941580756, 0.9742554410080183, 0.9845360824742267, 0.9103235967926689, 0.98065578465063], 
'0.2': [0.9863831615120274, 0.9905641466208476, 0.9732388316151204, 0.9886454753722794, 0.9791953035509736], 
'0.3': [0.9844788087056129, 0.9766752577319587, 0.9900200458190148, 0.9676546391752578, 0.9982674684994272], 
'0.4': [0.9955756013745705, 0.9913659793814432, 0.9918814432989691, 0.9779639175257732, 0.9879009163802979], 
'0.5': [0.9727806414662085, 0.975, 0.9496563573883162, 0.9916523482245132, 0.9323453608247423], 
'0.6': [0.984979954180985, 0.9947737686139749, 0.714733676975945, 1.0, 0.8121491981672393], 
'0.7': [0.7169601947308133, 0.9658218785796104, 0.7928694158075601, 0.9680555555555556, 0.8212557273768613], 
'0.8': [0.8229238258877434, 0.9847365406643758, 0.2839848224513173, 0.6828393470790378, 0.6201245704467354], 
'0.9': [0.11728951890034367, 0.7763602520045819, 0.9432345360824742, 0.9106672394043528, 0.9504080756013746], 
'1.0': [0.7716924398625429, 1.0, 0.9895618556701031, 0.9805555555555555, 0.8743556701030928]}

Patient_2_Results={
'0.0': [0.8070652173913042, 0.06924818840579709, 0.0448641304347826, 0.7942934782608695, 0.059393115942028986], 
'0.1': [0.48717391304347823, 0.010561594202898528, 0.04964673913043478, 0.9746105072463769, 0.9840398550724638], 
'0.2': [0.9855797101449275, 0.26939311594202897, 0.7283423913043479, 0.15406702898550723, 0.5581340579710146], 
'0.3': [0.5101630434782609, 0.3131340579710145, 0.5929166666666668, 0.9713677536231884, 0.9279619565217391], 
'0.4': [0.3318659420289855, 0.5522463768115942, 0.5832155797101449, 0.930534420289855, 0.9847826086956522], 
'0.5': [0.45809782608695654, 0.16207427536231883, 0.0030615942028985542, 0.0246105072463768, 0.505733695652174], 
'0.6': [0.5818115942028986, 0.007137681159420284, 0.03534420289855071, 0.23046195652173912, 0.641784420289855], 
'0.7': [0.011467391304347813, 0.246195652173913, 0.5001630434782609, 0.0, 0.2203260869565217], 
'0.8': [0.958106884057971, 0.055679347826086974, 0.004365942028985483, 0.7533514492753625, 0.5175724637681159], 
'0.9': [0.02902173913043477, 0.4482608695652174, 0.04492753623188406, 0.9967391304347826, 0.5097826086956522], 
'1.0': [1.0, 0.007753623188405806, 0.49941123188405795, 0.1659057971014493, 0.4980615942028985]}

Patient_3_Results={
'0.0': [0.23816287878787878, 0.19678030303030303, 0.2889251893939394, 0.3352840909090909, 0.31308712121212123], 
'0.1': [0.2209469696969697, 0.2278125, 0.20690814393939394, 0.2826467803030303, 0.3010085227272727], 
'0.2': [0.17109848484848483, 0.2715340909090909, 0.22388257575757575, 0.22487689393939395, 0.18546401515151514], 
'0.3': [0.22936553030303033, 0.20107954545454546, 0.15511837121212124, 0.24942708333333333, 0.18424715909090905], 
'0.4': [0.1821875, 0.23771780303030307, 0.25640625000000006, 0.22644886363636363, 0.14382575757575758], 
'0.5': [0.5518229166666667, 0.5441571969696971, 0.20274147727272723, 0.10290719696969697, 0.15687026515151517], 
'0.6': [0.08515151515151516, 0.165407196969697, 0.23999526515151515, 0.8355539772727273, 0.15845643939393939], 
'0.7': [0.16000473484848485, 0.36579545454545453, 0.27592803030303026, 0.10913825757575757, 0.5613541666666666], 
'0.8': [0.41120738636363635, 0.7454545454545455, 0.41473484848484854, 0.2526657196969697, 0.19215435606060607], 
'0.9': [0.36608901515151515, 0.3190056818181818, 0.17204545454545453, 0.24747159090909096, 0.1632954545454545], 
'1.0': [0.5062121212121212, 0.3763967803030303, 0.2023910984848485, 0.5096164772727273, 0.5506818181818183]}

Patient_5_Results={
'0.0': [0.0029761904761904656, 0.005257936507936489, 0.9101686507936508, 0.9713541666666666, 0.8901041666666667], 
'0.1': [0.02083333333333337, 0.011904761904761862, 0.9529513888888889, 0.9970238095238095, 0.014880952380952328], 
'0.2': [0.026835317460317476, 0.9970238095238095, 0.014880952380952328, 0.9970238095238095, 0.9962301587301586], 
'0.3': [0.9969742063492064, 0.014880952380952328, 0.9969742063492064, 0.047247023809523836, 0.9970238095238095], 
'0.4': [0.9970238095238095, 0.03598710317460316, 0.008928571428571397, 0.9814732142857143, 0.1994047619047619], 
'0.5': [0.9753224206349207, 0.9872767857142857, 0.9968005952380952, 0.988095238095238, 0.43727678571428574], 
'0.6': [0.10498511904761905, 0.0, 0.0795386904761905, 0.034920634920634935, 0.536235119047619], 
'0.7': [0.10071924603174603, 0.06607142857142857, 0.12328869047619048, 0.10664682539682538, 0.16907242063492062], 
'0.8': [0.11875, 0.731374007936508, 0.2815724206349206, 0.1099454365079365, 0.11904761904761904], 
'0.9': [0.11408730158730158, 0.16631944444444444, 0.1034970238095238, 0.014533730158730138, 0.9880952380952381], 
'1.0': [0.40989583333333335, 0.28988095238095235, 0.4832837301587301, 0.17534722222222224, 0.021874999999999978]}

Patient_9_Results={
'0.0': [0.5720139389569815, 0.37564888248017303, 0.20729992790194665, 0.4222422494592646, 0.6754085556356645], 
'0.1': [0.49208123047344393, 0.5003604902667628, 0.15987743330930068, 0.644718817591925, 0.4518204758471522], 
'0.2': [0.5440639269406393, 0.5747957221821678, 0.5014419610670512, 0.515549146839702, 0.8489125210285988], 
'0.3': [0.21446767603941364, 0.47683850036049025, 0.5014419610670512, 0.4971160778658976, 0.13657774573419854], 
'0.4': [0.6171713530401346, 0.6841384282624369, 0.8095710165825523, 0.8349375150204279, 0.8156212448930545], 
'0.5': [0.7638968997837058, 0.5561763999038692, 0.5701153568853641, 0.2731314587839462, 0.3763878875270368], 
'0.6': [0.32588320115356884, 0.6842045181446769, 0.5396899783705841, 0.8297043979812545, 0.823576063446287], 
'0.7': [0.01627613554434035, 0.6595289593847633, 0.5010814708002884, 0.4278598894496515, 0.5364035087719299], 
'0.8': [0.5452295121365056, 0.40630257149723625, 0.008423455900024062, 0.2173215573179524, 0.5924176880557558], 
'0.9': [0.9188115837539053, 0.9796262917567893, 0.716618601297765, 0.5555275174236962, 0.9950732996875751], 
'1.0': [0.6382840663302091, 0.25234318673395817, 0.49819754866618604, 0.28394616678683016, 0.4931506849315068]}

Patient_10_Results={
'0.0': [0.690020032051282, 0.7241706730769231, 0.6952844551282051, 0.2150801282051282, 0.205556891025641], 
'0.1': [0.5631450320512821, 0.2574799679487179, 0.16955128205128203, 0.8161618589743589, 0.7628565705128206], 
'0.2': [0.7858653846153846, 0.6421875, 0.3181730769230769, 0.8594110576923077, 0.7627804487179487], 
'0.3': [0.34759615384615394, 0.6206290064102564, 0.483233173076923, 0.7965584935897435, 0.5015224358974358], 
'0.4': [0.4864703525641026, 0.49845753205128207, 0.7980689102564104, 0.8046874999999999, 0.25755208333333335], 
'0.5': [0.4909655448717949, 0.6936498397435897, 0.811113782051282, 0.3920673076923077, 0.5070192307692307], 
'0.6': [0.5026322115384615, 0.1765144230769231, 0.48439102564102565, 0.4947115384615385, 0.4902524038461539], 
'0.7': [0.5000240384615384, 0.6932892628205128, 0.7043990384615385, 0.8518429487179486, 0.780108173076923], 
'0.8': [0.7703165064102563, 0.7416025641025641, 0.5377043269230769, 0.8232812500000001, 0.2478565705128205], 
'0.9': [0.56046875, 0.2072235576923077, 0.5001883012820513, 0.4975841346153846, 0.49875801282051285], 
'1.0': [0.5083653846153846, 0.2259935897435897, 0.3446073717948718, 0.835985576923077, 0.6425721153846154]}

Patient_13_Results={
'0.0':[0.9659474206349207, 0.971279761904762, 0.9879464285714286, 0.9850198412698413, 0.9961805555555555],
'0.1':[0.9666418650793651, 0.6093253968253969, 0.9878968253968254, 0.9880952380952381, 0.9807539682539682],
'0.2':[0.9850694444444444, 0.982093253968254, 0.7007440476190475, 0.5464285714285714, 0.9701884920634921],
'0.3':[0.8262400793650794, 0.9799107142857142, 0.6469494047619048, 0.9879464285714284, 0.984672619047619],
'0.4':[0.9808035714285713, 0.9763888888888889, 0.9879464285714286, 0.9851934523809524, 0.9872519841269841],
'0.5':[0.9878968253968253, 0.9851190476190477, 0.9850694444444446, 0.5270585317460317, 0.9808035714285713],
'0.6':[0.9689484126984127, 0.9761656746031746, 0.9999007936507937, 0.671155753968254, 0.9850198412698413],
'0.7':[0.987748015873016, 0.9821428571428571, 0.9812500000000001, 0.9849702380952381, 0.9910714285714285],
'0.8':[0.7973214285714285, 0.7472222222222222, 0.9970238095238095, 0.9999503968253969, 1.0],
'0.9':[1.0, 0.992609126984127, 0.9998015873015873, 1.0, 1.0],
'1.0':[0.949454365079365, 0.9705357142857143, 0.6805555555555556, 0.9447916666666667, 0.9583333333333333]}

Patient_18_Results={
'0.0':[0.5321701388888889, 0.24763888888888888, 0.8329774305555555, 0.6124826388888889, 0.38074218750000005],
'0.1':[0.2772178819444444, 0.32177517361111113, 0.23695312500000001, 0.3754861111111111, 0.46279079861111105],
'0.2':[0.539240451388889, 0.5727517361111111, 0.5470138888888889, 0.4308420138888889, 0.5013107638888888],
'0.3':[0.34170572916666664, 0.5106640625000001, 0.64265625, 0.6781032986111111, 0.6358072916666667],
'0.4':[0.5379947916666667, 0.49393229166666663, 0.5115625, 0.6684114583333334, 0.49734375000000003],
'0.5':[0.5035460069444444, 0.4835503472222223, 0.42432725694444445, 0.4896744791666666, 0.4476085069444444],
'0.6':[0.4798003472222223, 0.51125, 0.4943706597222222, 0.4934505208333333, 0.36190538194444444],
'0.7':[0.3892881944444444, 0.5047135416666667, 0.4095269097222223, 0.6497092013888889, 0.46259114583333333],
'0.8':[0.5347873263888888, 0.49525607638888886, 0.44118055555555546, 0.5078255208333334, 0.5516840277777778],
'0.9':[0.45433593749999995, 0.4987152777777778, 0.4858072916666666, 0.5071701388888888, 0.5119661458333333],
'1.0':[0.5029036458333332, 0.5146354166666667, 0.5015755208333333, 0.6299913194444444, 0.5192708333333333]}

Patient_19_Results={
'0.0':[0.8122, 0.256125, 0.8261083333333332, 0.8506416666666666, 0.8013333333333333],
'0.1':[0.4952666666666667, 0.9198999999999999, 0.47631666666666667, 0.49755, 0.371775],
'0.2':[0.422775, 0.498075, 0.5047666666666667, 0.20228333333333332, 0.5026416666666667],
'0.3':[0.4925, 0.5832083333333333, 0.49973333333333336, 0.506675, 0.7298500000000001],
'0.4':[0.7625583333333333, 0.157725, 0.03580000000000002, 0.15000000000000002, 0.4935333333333333],
'0.5':[0.4337, 0.5087166666666666, 0.5076, 0.4886166666666666, 0.8436583333333333],
'0.6':[0.524025, 0.5098333333333334, 0.0033166666666666696, 0.5627333333333333, 0.48965000000000003],
'0.7':[0.04254166666666671, 0.4907, 0.5042666666666666, 0.49424999999999997, 0.5377083333333333],
'0.8':[0.4256, 0.7122999999999999, 0.5772250000000001, 0.4597583333333333, 0.9662416666666667],
'0.9':[0.6817416666666666, 0.8693916666666667, 0.03839999999999998, 0.649875, 0.444],
'1.0':[0.49956666666666666, 0.4768333333333333, 0.48154166666666665, 0.8755083333333333, 0.14436666666666667]}

Patient_20_Results={
'0.0':[0.2726388888888889, 0.2547569444444444, 0.11364583333333333, 0.2773263888888889, 0.265],
'0.1':[0.21741319444444443, 0.2947222222222222, 0.052777777777777764, 0.27293402777777775, 0.47288194444444437],
'0.2':[0.5618923611111111, 0.5264930555555556, 0.4549479166666667, 0.7496006944444444, 0.3559895833333333],
'0.3':[0.3190798611111111, 0.9794444444444443, 0.8715451388888888, 0.8978472222222222, 0.5777083333333334],
'0.4':[0.2514236111111111, 0.5514756944444444, 0.9450000000000001, 0.9947222222222222, 0.989548611111111],
'0.5':[0.50203125, 0.9662847222222223, 0.3509375, 0.9861111111111112, 0.7040972222222222],
'0.6':[0.8551388888888889, 0.5189583333333333, 0.5718402777777778, 0.36105902777777776, 0.6395659722222222],
'0.7':[0.5909895833333334, 0.7542708333333333, 0.38559027777777777, 0.9458333333333333, 0.7755208333333333],
'0.8':[0.5589062499999999, 0.6818576388888888, 0.5985069444444445, 0.2660416666666667, 0.7998263888888889],
'0.9':[0.49680555555555556, 0.92984375, 0.4948958333333333, 0.80984375, 0.8446875],
'1.0':[0.6662326388888888, 0.6853125, 0.8031076388888888, 0.6911805555555556, 0.9621875000000001]}

Patient_21_Results={
'0.0':[0.754179292929293, 0.5414015151515151, 0.7706439393939394, 0.4002146464646465, 0.3338888888888889],
'0.1':[0.2197727272727273, 0.5494570707070706, 0.9859848484848485, 0.8356439393939393, 0.7827272727272727],
'0.2':[0.18410353535353535, 0.28848484848484846, 0.4467929292929293, 0.8098863636363637, 0.6603282828282828],
'0.3':[0.7796085858585858, 0.5955050505050504, 0.37751262626262627, 0.8091919191919191, 0.8314015151515152],
'0.4':[0.8119444444444445, 0.7073484848484848, 0.7147474747474748, 0.21444444444444444, 0.4939772727272727],
'0.5':[0.6676515151515152, 0.4876767676767677, 0.7243055555555555, 0.8371717171717171, 0.3047222222222222],
'0.6':[0.597209595959596, 0.21127525252525253, 0.8274368686868687, 0.3139646464646465, 0.6853282828282827],
'0.7':[0.374040404040404, 0.06523989898989896, 0.23016414141414143, 0.8086489898989899, 0.7007575757575757],
'0.8':[0.6268434343434345, 0.7637121212121212, 0.24088383838383837, 0.15172979797979796, 0.3224116161616162],
'0.9':[0.8813762626262627, 0.8175126262626262, 0.7319570707070707, 0.34090909090909094, 0.2939141414141414],
'1.0':[0.6265151515151515, 0.8902020202020201, 0.982361111111111, 0.7703787878787879, 0.9065909090909091]}

Patient_23_Results={
'0.0':[0.5411003236245955, 0.2683926645091694, 0.5895900755124056, 0.5307443365695793, 0.6091693635382955],
'0.1':[0.5892125134843582, 0.6080906148867314, 0.993581445523193, 0.5435814455231931, 0.5792880258899676],
'0.2':[0.6385652642934196, 0.6676105717367853, 0.5303398058252426, 0.5224649406688242, 0.6812297734627832],
'0.3':[0.6440129449838188, 0.5889967637540453, 0.7435005393743258, 0.5417206040992449, 0.5874325782092772],
'0.4':[0.570631067961165, 0.5007551240560949, 0.6023732470334412, 0.4735167206040992, 0.9861380798274002],
'0.5':[0.4987324703344121, 0.6233818770226537, 0.17179072276159657, 0.9997033441208197, 0.7322545846817692],
'0.6':[0.19751887810140237, 0.6263214670981662, 0.5665587918015103, 0.993527508090615, 0.41005933117583604],
'0.7':[0.5362998921251348, 0.3090614886731392, 0.3559870550161812, 0.3249190938511327, 0.937108953613808],
'0.8':[0.6140507011866235, 0.2179341963322546, 0.5679611650485437, 0.5122977346278317, 0.5112189859762676],
'0.9':[0.4077669902912621, 0.5308522114347357, 0.7750809061488673, 0.5383495145631069, 0.795334412081985],
'1.0':[0.4083063646170443, 0.8042071197411004, 0.8772923408845739, 0.6359223300970873, 0.4449838187702265]}
